#		move/rotation body					move/rotation head				eyes			left mustache			right mustache			top hat			left arm			right arm				left leg			right leg
0		0	0	0	1	0	0	0			0	0	0	0	0	0			0	1			0	0	0	0			0	0	0	0			1	0			0	0	110			0	0	-110			0	0	90			0	0	-90
30		0	0	0	1	0	0	0			0	0	0	0	0	0			1	0			0	0	0	0			0	0	0	0			0	0			0	0	0			0	0	0				0	0	0			0	0	0
60		0	0	0	1	0	0	0			0	0	0	0	0	0			0	0			0	0	0	0			0	0	0	0			1	0			0	0	110			0	0	-110			0	0	90			0	0	-90
90		0	0	0	1	0	0	0			0	0	0	0	0	0			0	1			0	0	0	0			0	0	0	0			0	0			0	0	0			0	0	0				0	0	0			0	0	0
120		0	0	0	1	0	0	0			0	0	0	0	0	0			0	0			0	0	0	0			0	0	0	0			1	0			0	0	110			0	0	-110			0	0	90			0	0	-90
150		0	0	0	1	0	0	0			0	0	0	0	0	0			1	0			0	0	0	0			0	0	0	0			0	0			0	0	0			0	0	0				0	0	0			0	0	0
180		0	0	0	1	0	0	0			0	0	0	0	0	0			0	1			0	0	0	0			0	0	0	0			1	0			0	0	110			0	0	-110			0	0	90			0	0	-90
210		0	0	0	1	0	0	0			0	0	0	0	0	0			0	0			0	0	0	0			0	0	0	0			0	0			0	0	0			0	0	0				0	0	0			0	0	0
240		0	0	0	1	0	0	0			0	0	0	0	0	0			1	0			0	0	0	0			0	0	0	0			1	0			0	0	110			0	0	-110			0	0	90			0	0	-90
270		0	0	0	1	0	0	0			0	0	0	0	0	0			0	1			0	0	0	0			0	0	0	0			0	0			0	0	0			0	0	0				0	0	0			0	0	0
300		0	0	0	1	0	0	0			0	0	0	0	0	0			1	0			0	0	0	0			0	0	0	0			1	0			0	0	110			0	0	-110			0	0	90			0	0	-90